1997	10	29	14	15	50	4	0	4	24	75	50.0667	4.4125	-4.4125	50.0667
1997	10	29	16	0	49	57	93	4	36	72	49.9655	4.6120	-4.6120	49.9655
1997	10	29	18	0	49	52	11	4	45	45	49.8685	4.7575	-4.7575	49.8685
1997	10	29	21	50	49	34	27	5	8	28	49.5712	5.1380	-5.1380	49.5712
1997	10	29	23	50	49	27	76	5	22	29	49.4627	5.3715	-5.3715	49.4627
1997	10	30	2	0	49	22	60	5	34	80	49.3767	5.5800	-5.5800	49.3767
1997	10	30	4	0	49	18	0	5	42	0	49.3000	5.7000	-5.7000	49.3000
1997	10	30	6	0	49	12	39	5	49	70	49.2065	5.8283	-5.8283	49.2065
1997	10	30	8	25	49	11	35	5	56	64	49.1892	5.9440	-5.9440	49.1892
1997	10	30	10	50	49	9	45	6	4	9	49.1575	6.0682	-6.0682	49.1575
1997	10	30	11	30	49	9	1	6	5	34	49.1502	6.0890	-6.0890	49.1502
1997	10	30	13	30	49	7	59	6	9	43	49.1265	6.1572	-6.1572	49.1265
1997	10	30	16	15	49	5	55	6	12	87	49.0925	6.2145	-6.2145	49.0925
1997	10	30	18	20	49	2	60	6	15	50	49.0433	6.2583	-6.2583	49.0433
1997	10	30	19	50	49	0	33	6	18	63	49.0055	6.3105	-6.3105	49.0055
1997	10	30	21	55	48	53	92	6	30	31	48.8987	6.5052	-6.5052	48.8987
1997	10	30	23	55	48	45	10	6	40	31	48.7517	6.6718	-6.6718	48.7517
1997	10	31	1	50	48	38	90	6	49	68	48.6483	6.8280	-6.8280	48.6483
1997	10	31	3	55	48	32	38	6	56	60	48.5397	6.9433	-6.9433	48.5397
1997	10	31	5	55	48	23	5	7	7	37	48.3842	7.1228	-7.1228	48.3842
1997	10	31	8	0	48	11	84	7	23	26	48.1973	7.3877	-7.3877	48.1973
1997	10	31	10	0	48	1	18	7	40	0	48.0197	7.6667	-7.6667	48.0197
1997	10	31	12	5	47	51	1	7	57	14	47.8502	7.9523	-7.9523	47.8502
1997	10	31	13	50	47	41	95	8	9	72	47.6992	8.1620	-8.1620	47.6992
1997	10	31	15	55	47	31	90	8	22	0	47.5317	8.3667	-8.3667	47.5317
1997	10	31	18	30	47	17	72	8	38	57	47.2953	8.6428	-8.6428	47.2953
1997	10	31	20	0	47	9	12	8	47	77	47.1520	8.7962	-8.7962	47.1520
1997	10	31	21	55	46	58	25	8	59	25	46.9708	8.9875	-8.9875	46.9708
1997	10	31	23	55	46	46	12	9	9	52	46.7687	9.1587	-9.1587	46.7687
1997	11	1	2	0	46	32	52	9	19	81	46.5420	9.3302	-9.3302	46.5420
1997	11	1	4	0	46	21	62	9	28	65	46.3603	9.4775	-9.4775	46.3603
1997	11	1	5	55	46	8	95	9	37	87	46.1492	9.6312	-9.6312	46.1492
1997	11	1	8	10	45	54	50	9	49	73	45.9083	9.8288	-9.8288	45.9083
1997	11	1	9	55	45	44	49	10	0	0	45.7415	10.0000	-10.0000	45.7415
1997	11	1	11	55	45	33	88	10	11	45	45.5647	10.1908	-10.1908	45.5647
1997	11	1	14	0	45	20	18	10	21	27	45.3363	10.3545	-10.3545	45.3363
1997	11	1	16	0	45	7	19	10	32	56	45.1198	10.5427	-10.5427	45.1198
1997	11	1	17	55	44	56	0	10	43	0	44.9333	10.7167	-10.7167	44.9333
1997	11	1	19	55	44	44	10	10	55	44	44.7350	10.9240	-10.9240	44.7350
1997	11	1	21	55	44	31	85	11	7	53	44.5308	11.1255	-11.1255	44.5308
1997	11	2	0	0	44	20	40	11	22	50	44.3400	11.3750	-11.3750	44.3400
1997	11	2	2	0	44	8	40	11	38	33	44.1400	11.6388	-11.6388	44.1400
1997	11	2	3	55	43	59	26	11	47	79	43.9877	11.7965	-11.7965	43.9877
1997	11	2	5	55	43	47	19	11	57	40	43.7865	11.9567	-11.9567	43.7865
1997	11	2	8	0	43	36	6	12	6	16	43.6010	12.1027	-12.1027	43.6010
1997	11	2	10	0	43	23	12	12	16	5	43.3853	12.2675	-12.2675	43.3853
1997	11	2	11	55	43	13	1	12	24	63	43.2168	12.4105	-12.4105	43.2168
1997	11	2	14	0	43	2	27	12	34	41	43.0378	12.5735	-12.5735	43.0378
1997	11	2	16	0	42	50	64	12	42	16	42.8440	12.7027	-12.7027	42.8440
1997	11	2	18	0	42	39	41	12	55	51	42.6568	12.9252	-12.9252	42.6568
1997	11	2	19	50	42	30	0	12	58	79	42.5000	12.9798	-12.9798	42.5000
1997	11	2	22	0	42	18	74	13	6	98	42.3123	13.1163	-13.1163	42.3123
1997	11	2	23	50	42	9	90	13	10	11	42.1650	13.1685	-13.1685	42.1650
1997	11	3	1	55	42	4	1	13	9	14	42.0668	13.1523	-13.1523	42.0668
1997	11	3	4	0	41	58	73	13	7	29	41.9788	13.1215	-13.1215	41.9788
1997	11	3	5	55	41	50	67	13	4	19	41.8445	13.0698	-13.0698	41.8445
1997	11	3	8	0	41	38	85	12	59	50	41.6475	12.9917	-12.9917	41.6475
1997	11	3	10	0	41	21	50	12	55	58	41.3583	12.9263	-12.9263	41.3583
1997	11	3	11	55	41	16	58	12	56	23	41.2763	12.9372	-12.9372	41.2763
1997	11	3	14	10	41	1	89	13	0	50	41.0315	13.0083	-13.0083	41.0315
1997	11	3	16	10	40	50	90	13	2	73	40.8483	13.0455	-13.0455	40.8483
1997	11	3	17	50	40	41	44	13	2	90	40.6907	13.0483	-13.0483	40.6907
1997	11	3	19	55	40	30	13	13	3	91	40.5022	13.0652	-13.0652	40.5022
1997	11	3	22	5	40	18	1	13	4	98	40.3002	13.0830	-13.0830	40.3002
1997	11	4	0	0	40	7	0	13	6	50	40.1167	13.1083	-13.1083	40.1167
1997	11	4	1	55	39	55	85	13	10	36	39.9308	13.1727	-13.1727	39.9308
1997	11	4	3	55	39	44	90	13	11	12	39.7483	13.1853	-13.1853	39.7483
1997	11	4	6	1	39	34	36	13	11	4	39.5727	13.1840	-13.1840	39.5727
1997	11	4	7	55	39	25	1	13	10	34	39.4168	13.1723	-13.1723	39.4168
1997	11	4	10	5	39	12	23	13	9	74	39.2038	13.1623	-13.1623	39.2038
1997	11	4	12	0	39	0	16	13	11	68	39.0027	13.1947	-13.1947	39.0027
1997	11	4	14	15	38	46	29	13	11	56	38.7715	13.1927	-13.1927	38.7715
1997	11	4	16	0	38	36	55	13	5	65	38.6092	13.0942	-13.0942	38.6092
1997	11	4	18	10	38	29	87	12	56	29	38.4978	12.9382	-12.9382	38.4978
1997	11	4	19	55	38	25	33	12	52	21	38.4222	12.8702	-12.8702	38.4222
1997	11	4	22	30	38	21	34	12	47	92	38.3557	12.7987	-12.7987	38.3557
1997	11	4	23	55	38	20	74	12	45	32	38.3457	12.7553	-12.7553	38.3457
1997	11	5	2	0	38	12	69	12	46	67	38.2115	12.7778	-12.7778	38.2115
1997	11	5	3	55	38	3	43	12	50	49	38.0572	12.8415	-12.8415	38.0572
1997	11	5	6	5	37	50	92	12	58	39	37.8487	12.9732	-12.9732	37.8487
1997	11	5	8	0	37	43	60	13	4	11	37.7267	13.0685	-13.0685	37.7267
1997	11	5	10	30	37	35	62	13	13	43	37.5937	13.2238	-13.2238	37.5937
1997	11	5	12	0	37	29	67	13	18	35	37.4945	13.3058	-13.3058	37.4945
1997	11	5	14	30	37	11	64	13	30	21	37.1940	13.5035	-13.5035	37.1940
1997	11	5	16	20	37	1	95	13	36	40	37.0325	13.6067	-13.6067	37.0325
1997	11	5	18	0	36	51	92	13	43	66	36.8653	13.7277	-13.7277	36.8653
1997	11	5	20	25	36	38	46	13	50	99	36.6410	13.8498	-13.8498	36.6410
1997	11	5	22	20	36	24	67	13	56	3	36.4112	13.9338	-13.9338	36.4112
1997	11	6	0	0	36	13	80	13	59	30	36.2300	13.9883	-13.9883	36.2300
1997	11	6	2	10	36	1	31	14	5	58	36.0218	14.0930	-14.0930	36.0218
1997	11	6	4	5	35	49	54	14	9	20	35.8257	14.1533	-14.1533	35.8257
1997	11	6	6	0	35	38	0	14	13	18	35.6333	14.2197	-14.2197	35.6333
1997	11	6	8	0	35	26	59	14	18	18	35.4432	14.3030	-14.3030	35.4432
1997	11	6	10	10	35	15	13	14	24	51	35.2522	14.4085	-14.4085	35.2522
1997	11	6	12	0	35	5	26	14	30	24	35.0877	14.5040	-14.5040	35.0877
1997	11	6	14	0	34	54	97	14	36	26	34.9162	14.6043	-14.6043	34.9162
1997	11	6	16	0	34	47	96	14	43	3	34.7993	14.7172	-14.7172	34.7993
1997	11	6	18	0	34	41	97	14	52	13	34.6995	14.8688	-14.8688	34.6995
1997	11	6	20	0	34	34	83	15	1	50	34.5805	15.0250	-15.0250	34.5805
1997	11	6	22	0	34	27	37	15	10	97	34.4562	15.1828	-15.1828	34.4562
1997	11	7	0	0	34	19	76	15	21	78	34.3293	15.3630	-15.3630	34.3293
1997	11	7	2	0	34	9	34	15	30	47	34.1557	15.5078	-15.5078	34.1557
1997	11	7	3	55	33	59	71	15	36	15	33.9952	15.6025	-15.6025	33.9952
1997	11	7	6	0	33	46	30	15	43	71	33.7717	15.7285	-15.7285	33.7717
1997	11	7	8	0	33	38	42	15	47	45	33.6403	15.7908	-15.7908	33.6403
1997	11	7	10	15	33	26	33	15	55	31	33.4388	15.9218	-15.9218	33.4388
1997	11	7	12	0	33	17	86	16	3	17	33.2977	16.0528	-16.0528	33.2977
1997	11	7	14	30	33	4	73	16	15	10	33.0788	16.2517	-16.2517	33.0788
