Year	Month	Day	Hour	Minute	Deg N	Minutes	Dec	Deg W	Minutes	Dec	latitude	longitude	date
1998	3	24	12	0	18	9	62	64	50	10	18.1603	-64.8350	
1998	3	25	7	25	18	46	79	66	25	66	18.7798	-66.4277	
1998	3	25	14	50	18	55	31	67	20	56	18.9218	-67.3427	
1998	3	26	3	23	19	23	40	68	28	22	19.3900	-68.4703	
1998	3	26	16	20	19	50	72	69	42	62	19.8453	-69.7103	
1998	3	27	9	0	20	19	0	71	12	60	20.3167	-71.2100	
1998	3	27	15	45	20	25	14	71	45	54	20.4190	-71.7590	
1998	3	28	5	36	20	38	34	73	16	57	20.6390	-73.2762	
1998	3	28	15	7	20	44	52	74	2	5	20.7420	-74.0342	
1998	3	29	1	5	21	7	43	74	48	47	21.1238	-74.8078	
1998	3	29	11	5	21	26	29	75	35	24	21.4382	-75.5873	
1998	3	29	17	48	21	37	68	76	5	74	21.6280	-76.0957	
1998	3	30	7	11	22	4	0	77	16	12	22.0667	-77.2687	
1998	3	30	12	30	22	22	38	77	40	77	22.3730	-77.6795	
1998	3	30	19	5	22	42	49	78	16	98	22.7082	-78.2830	
1998	3	31	3	5	23	15	92	78	56	3	23.2653	-78.9338
1998	3	31	5	5	23	25	14	79	2	18	23.4190	-79.0363
1998	3	31	8	40	23	47	97	79	10	51	23.7995	-79.1752
1998	3	31	14	16	24	29	85	79	25	68	24.4975	-79.4280
1998	3	31	19	30	25	3	27	79	37	98	25.0545	-79.6330
1998	3	31	23	19	25	35	93	79	49	96	25.5988	-79.8327
1998	4	1	1	8	25	52	83	79	56	90	25.8805	-79.9483