Year	Month	Day	Hour	Minute	Deg N	Minutes	Dec	Deg W	Minutes	Dec	latitude	longitude	date
1997	11	22	21	45	28	13	46	16	18	12	28.2243	-16.3020	
1997	11	23	0	25	28	2	93	16	24	80	28.0488	-16.4133	
1997	11	23	3	5	27	53	92	16	32	32	27.8987	-16.5387	
1997	11	23	12	0	27	41	76	16	47	13	27.6960	-16.7855	
1997	11	24	3	0	27	33	79	16	43	57	27.5632	-16.7262	
1997	11	24	12	0	26	32	10	18	6	74	26.5350	-18.1123	
1997	11	25	0	0	26	16	72	19	23	60	26.2787	-19.3933	
1997	11	25	12	0	25	52	60	20	18	44	25.8767	-20.3073	
1997	11	26	0	0	25	22	54	21	28	20	25.3757	-21.4700	
1997	11	26	12	0	25	4	33	22	16	88	25.0722	-22.2813	
1997	11	27	0	0	24	23	94	22	57	29	24.3990	-22.9548	
1997	11	27	12	0	23	47	90	23	44	22	23.7983	-23.7370	
1997	11	28	0	0	23	22	54	24	57	63	23.3757	-24.9605	
1997	11	28	12	0	23	0	46	26	16	80	23.0077	-26.2800	
1997	11	29	0	0	22	38	62	27	31	26	22.6437	-27.5210	
1997	11	29	12	0	22	20	27	28	29	71	22.3378	-28.4952
1997	11	30	0	0	21	45	23	29	21	72	21.7538	-29.3620
1997	11	30	14	0	21	18	34	30	8	6	21.3057	-30.1343
1997	12	1	0	0	21	8	62	30	29	94	21.1437	-30.4990
1997	12	1	12	0	20	59	62	31	17	92	20.9937	-31.2987
1997	12	2	0	0	20	34	88	32	30	21	20.5813	-32.5035
1997	12	2	12	0	20	30	55	33	53	37	20.5092	-33.8895
1997	12	3	0	0	20	20	24	35	19	88	20.3373	-35.3313
1997	12	3	12	0	20	18	16	36	31	29	20.3027	-36.5215
1997	12	4	0	0	19	57	31	37	45	92	19.9552	-37.7653
1997	12	4	12	0	19	39	54	38	49	24	19.6590	-38.8207
1997	12	5	0	0	19	6	40	39	31	77	19.1067	-39.5295
1997	12	5	12	0	18	28	32	40	30	98	18.4720	-40.5163
1997	12	6	0	0	18	13	5	41	47	8	18.2175	-41.7847
1997	12	6	12	0	18	13	85	43	15	17	18.2308	-43.2528
1997	12	7	0	0	17	51	99	44	36	63	17.8665	-44.6105
1997	12	7	12	0	17	37	76	46	4	75	17.6293	-46.0792
1997	12	8	0	0	17	20	34	47	30	9	17.3390	-47.5015
1997	12	8	12	0	16	56	61	48	55	30	16.9435	-48.9217
1997	12	9	0	0	16	33	89	50	16	80	16.5648	-50.2800
1997	12	9	12	0	16	12	51	51	28	40	16.2085	-51.4733
1997	12	10	0	0	15	57	66	52	42	90	15.9610	-52.7150
1997	12	10	12	0	15	40	6	53	47	21	15.6677	-53.7868
1997	12	11	0	0	15	30	6	54	42	8	15.5010	-54.7013
1997	12	11	12	0	15	13	64	55	23	40	15.2273	-55.3900
1997	12	12	0	0	15	0	61	56	21	40	15.0102	-56.3567
1997	12	12	12	20	14	28	51	57	37	18	14.4752	-57.6197
1997	12	13	0	0	14	24	95	59	3	99	14.4158	-59.0665
1997	12	13	12	0	14	23	70	60	34	59	14.3950	-60.5765